Niterations =  100, Nsteps =    5000, Nattemps =  10, Dchem = -650.0, Nkernals =  1000, Nverlet =   1

Step Nwats Nsalt AccProb Time (s)
   0   495     3   0.30   37
   1   485     8   0.50   30
   2   485     8   0.00   29
   3   485     8   0.00   30
   4   481    10   0.20   29
   5   479    11   0.10   29
   6   477    12   0.10   29
   7   477    12   0.00   29
   8   477    12   0.00   29
   9   471    15   0.30   29
  10   471    15   0.00   29
  11   465    18   0.30   30
  12   465    18   0.00   29
  13   465    18   0.00   29
  14   465    18   0.00   29
  15   465    18   0.00   29
  16   465    18   0.00   29
  17   465    18   0.00   29
  18   465    18   0.00   30
  19   465    18   0.00   30
  20   465    18   0.00   30
  21   465    18   0.00   29
  22   465    18   0.00   29
  23   465    18   0.00   29
  24   463    19   0.10   29
  25   463    19   0.00   30
  26   457    22   0.30   29
  27   457    22   0.00   29
  28   457    22   0.00   30
  29   457    22   0.00   29
  30   457    22   0.00   30
  31   457    22   0.00   30
  32   457    22   0.00   29
  33   457    22   0.00   30
  34   457    22   0.00   30
  35   457    22   0.00   29
  36   457    22   0.00   29
  37   457    22   0.00   29
  38   457    22   0.00   29
  39   457    22   0.00   29
  40   457    22   0.00   29
  41   453    24   0.20   29
  42   453    24   0.00   30
  43   453    24   0.00   29
  44   453    24   0.00   29
  45   453    24   0.00   30
  46   453    24   0.00   29
  47   453    24   0.00   30
  48   453    24   0.00   29
  49   453    24   0.00   29
  50   453    24   0.00   30
  51   453    24   0.00   29
  52   453    24   0.00   30
  53   453    24   0.00   29
  54   453    24   0.00   29
  55   451    25   0.10   29
  56   451    25   0.00   29
  57   451    25   0.00   29
  58   451    25   0.00   29
  59   451    25   0.00   30
  60   451    25   0.00   30
  61   451    25   0.00   30
  62   451    25   0.00   30
  63   451    25   0.00   29
  64   451    25   0.00   30
  65   451    25   0.00   29
  66   451    25   0.00   29
  67   451    25   0.00   30
  68   451    25   0.00   29
  69   451    25   0.00   29
  70   451    25   0.00   29
  71   449    26   0.10   29
  72   449    26   0.00   30
  73   449    26   0.00   30
  74   449    26   0.00   29
  75   449    26   0.00   30
  76   449    26   0.00   29
  77   449    26   0.00   30
  78   449    26   0.00   29
  79   449    26   0.00   30
  80   449    26   0.00   29
  81   449    26   0.00   30
  82   449    26   0.00   30
  83   449    26   0.00   29
  84   449    26   0.00   30
  85   449    26   0.00   29
  86   449    26   0.00   30
  87   449    26   0.00   29
  88   449    26   0.00   29
  89   447    27   0.10   30
  90   447    27   0.00   30
  91   447    27   0.00   29
  92   447    27   0.00   30
  93   447    27   0.00   29
  94   447    27   0.00   29
  95   447    27   0.00   29
  96   447    27   0.00   29
  97   447    27   0.00   30
  98   447    27   0.00   29
  99   443    29   0.20   30
