Niterations = 2000, Nsteps =   25000, Nattemps = 100, Dchem = -650.0, Nkernals =  1000, Nverlet =   1

Step Nwats Nsalt AccProb Time (s)
   0   443    29   0.29  245
   1   439    31   0.02  240
   2   439    31   0.00  241
   3   439    31   0.00  243
   4   423    39   0.08  241
   5   423    39   0.00  241
   6   423    39   0.00  241
   7   417    42   0.03  242
   8   417    42   0.00  242
   9   417    42   0.00  241
  10   417    42   0.00  243
  11   417    42   0.00  243
  12   417    42   0.00  249
  13   417    42   0.00  352
  14   417    42   0.00  317
  15   417    42   0.00  248
  16   417    42   0.00  251
  17   417    42   0.00  250
  18   417    42   0.00  249
  19   417    42   0.00  249
  20   417    42   0.00  248
  21   417    42   0.00  248
  22   417    42   0.00  250
  23   417    42   0.00  251
  24   417    42   0.00  249
  25   417    42   0.00  251
  26   417    42   0.00  251
  27   417    42   0.00  252
  28   417    42   0.00  262
  29   417    42   0.00  352
  30   417    42   0.00  332
  31   417    42   0.00  240
  32   417    42   0.00  250
  33   417    42   0.00  248
  34   417    42   0.00  248
  35   417    42   0.00  248
  36   417    42   0.00  248
  37   417    42   0.00  248
  38   417    42   0.00  248
  39   417    42   0.00  250
  40   417    42   0.00  250
  41   417    42   0.00  249
  42   417    42   0.00  250
  43   417    42   0.00  250
  44   417    42   0.00  250
  45   417    42   0.00  253
  46   417    42   0.00  349
  47   417    42   0.00  350
  48   417    42   0.00  291
  49   417    42   0.00  247
  50   417    42   0.00  246
  51   417    42   0.00  246
  52   417    42   0.00  244
  53   417    42   0.00  245
  54   417    42   0.00  244
  55   417    42   0.00  244
  56   417    42   0.00  246
  57   417    42   0.00  247
  58   417    42   0.00  246
  59   417    42   0.00  246
  60   417    42   0.00  248
  61   417    42   0.00  248
  62   417    42   0.00  245
  63   417    42   0.00  333
  64   417    42   0.00  353
  65   417    42   0.00  354
  66   417    42   0.00  351
  67   417    42   0.00  354
  68   417    42   0.00  326
  69   417    42   0.00  215
  70   417    42   0.00  215
  71   417    42   0.00  222
  72   417    42   0.00  247
  73   417    42   0.00  248
  74   417    42   0.00  247
  75   417    42   0.00  248
  76   417    42   0.00  247
  77   417    42   0.00  247
  78   417    42   0.00  247
  79   417    42   0.00  247
  80   417    42   0.00  247
  81   417    42   0.00  246
  82   417    42   0.00  248
  83   417    42   0.00  248
  84   417    42   0.00  248
  85   417    42   0.00  247
  86   417    42   0.00  248
  87   417    42   0.00  248
  88   417    42   0.00  249
  89   417    42   0.00  250
  90   417    42   0.00  249
  91   417    42   0.00  240
  92   417    42   0.00  215
  93   417    42   0.00  215
  94   417    42   0.00  215
  95   417    42   0.00  215
  96   417    42   0.00  215
  97   417    42   0.00  215
  98   417    42   0.00  215
  99   417    42   0.00  215
 100   417    42   0.00  215
 101   417    42   0.00  215
 102   417    42   0.00  215
 103   417    42   0.00  215
 104   417    42   0.00  215
 105   417    42   0.00  215
 106   417    42   0.00  215
 107   417    42   0.00  215
 108   417    42   0.00  215
 109   417    42   0.00  215
 110   417    42   0.00  215
 111   417    42   0.00  215
 112   417    42   0.00  215
 113   417    42   0.00  215
 114   417    42   0.00  296
 115   417    42   0.00  372
 116   417    42   0.00  374
 117   417    42   0.00  378
 118   417    42   0.00  373
 119   417    42   0.00  372
 120   417    42   0.00  368
 121   417    42   0.00  366
 122   417    42   0.00  371
 123   417    42   0.00  373
 124   417    42   0.00  378
 125   417    42   0.00  374
 126   417    42   0.00  372
 127   417    42   0.00  366
 128   417    42   0.00  378
 129   417    42   0.00  373
 130   417    42   0.00  369
 131   417    42   0.00  370
 132   417    42   0.00  369
 133   417    42   0.00  364
 134   417    42   0.00  364
 135   417    42   0.00  378
 136   417    42   0.00  378
 137   417    42   0.00  374
 138   417    42   0.00  372
 139   417    42   0.00  393
 140   417    42   0.00  412
 141   417    42   0.00  411
 142   417    42   0.00  412
 143   417    42   0.00  411
 144   413    44   0.02  413
 145   413    44   0.00  416
 146   413    44   0.00  409
 147   413    44   0.00  413
 148   413    44   0.00  413
 149   413    44   0.00  407
 150   413    44   0.00  385
 151   413    44   0.00  387
 152   413    44   0.00  397
 153   413    44   0.00  401
 154   413    44   0.00  399
 155   413    44   0.00  394
 156   413    44   0.00  402
 157   413    44   0.00  409
 158   413    44   0.00  413
 159   413    44   0.00  410
 160   413    44   0.00  409
 161   413    44   0.00  409
 162   413    44   0.00  410
 163   413    44   0.00  412
 164   413    44   0.00  411
 165   413    44   0.00  406
 166   413    44   0.00  407
 167   413    44   0.00  403
 168   413    44   0.00  382
 169   413    44   0.00  375
 170   413    44   0.00  356
 171   413    44   0.00  365
 172   413    44   0.00  372
 173   413    44   0.00  363
 174   413    44   0.00  362
 175   413    44   0.00  364
 176   411    45   0.01  371
 177   411    45   0.00  374
 178   411    45   0.00  374
 179   411    45   0.00  377
 180   411    45   0.00  373
 181   411    45   0.00  372
 182   411    45   0.00  414
 183   411    45   0.00  415
 184   411    45   0.00  407
 185   411    45   0.00  415
 186   411    45   0.00  442
 187   411    45   0.00  424
 188   411    45   0.00  421
 189   411    45   0.00  430
 190   411    45   0.00  434
 191   411    45   0.00  431
 192   411    45   0.00  434
 193   411    45   0.00  430
 194   411    45   0.00  426
 195   411    45   0.00  423
 196   411    45   0.00  418
 197   411    45   0.00  419
 198   411    45   0.00  422
 199   411    45   0.00  418
 200   411    45   0.00  415
 201   411    45   0.00  413
 202   411    45   0.00  420
 203   411    45   0.00  443
 204   411    45   0.00  422
 205   411    45   0.00  427
 206   411    45   0.00  435
 207   411    45   0.00  424
 208   411    45   0.00  426
 209   411    45   0.00  425
 210   411    45   0.00  426
 211   411    45   0.00  428
 212   411    45   0.00  431
 213   409    46   0.01  423
 214   409    46   0.00  422
 215   409    46   0.00  422
 216   409    46   0.00  415
 217   409    46   0.00  427
 218   409    46   0.00  422
 219   409    46   0.00  429
 220   409    46   0.00  435
 221   409    46   0.00  439
 222   409    46   0.00  430
 223   409    46   0.00  436
 224   409    46   0.00  426
 225   409    46   0.00  422
 226   409    46   0.00  430
 227   409    46   0.00  424
 228   409    46   0.00  424
 229   409    46   0.00  415
 230   409    46   0.00  427
 231   409    46   0.00  426
 232   409    46   0.00  437
 233   409    46   0.00  429
 234   409    46   0.00  424
 235   409    46   0.00  424
 236   409    46   0.00  428
 237   409    46   0.00  430
 238   409    46   0.00  437
 239   409    46   0.00  435
 240   409    46   0.00  428
 241   409    46   0.00  427
 242   409    46   0.00  442
 243   409    46   0.00  429
 244   409    46   0.00  419
 245   409    46   0.00  430
 246   409    46   0.00  422
 247   409    46   0.00  437
 248   409    46   0.00  425
 249   409    46   0.00  417
 250   409    46   0.00  416
 251   409    46   0.00  423
 252   409    46   0.00  422
 253   409    46   0.00  440
 254   409    46   0.00  446
 255   409    46   0.00  410
 256   409    46   0.00  434
 257   409    46   0.00  432
 258   409    46   0.00  427
 259   409    46   0.00  431
 260   409    46   0.00  435
 261   409    46   0.00  431
 262   409    46   0.00  438
 263   409    46   0.00  445
 264   409    46   0.00  443
 265   409    46   0.00  436
 266   409    46   0.00  435
 267   409    46   0.00  433
 268   409    46   0.00  439
 269   409    46   0.00  436
 270   409    46   0.00  431
 271   409    46   0.00  423
 272   409    46   0.00  425
 273   409    46   0.00  438
 274   409    46   0.00  430
 275   409    46   0.00  434
 276   409    46   0.00  432
 277   409    46   0.00  430
 278   409    46   0.00  424
 279   409    46   0.00  420
 280   409    46   0.00  429
 281   409    46   0.00  415
 282   409    46   0.00  411
 283   409    46   0.00  419
 284   409    46   0.00  431
 285   409    46   0.00  410
 286   409    46   0.00  409
 287   409    46   0.00  415
 288   409    46   0.00  422
 289   409    46   0.00  416
 290   409    46   0.00  405
 291   409    46   0.00  404
 292   409    46   0.00  403
 293   409    46   0.00  399
 294   409    46   0.00  393
 295   409    46   0.00  390
 296   409    46   0.00  380
 297   409    46   0.00  378
 298   409    46   0.00  379
 299   409    46   0.00  381
 300   409    46   0.00  376
 301   409    46   0.00  370
 302   409    46   0.00  374
 303   409    46   0.00  374
 304   409    46   0.00  377
 305   409    46   0.00  377
 306   409    46   0.00  375
 307   409    46   0.00  375
 308   409    46   0.00  374
 309   409    46   0.00  281
 310   409    46   0.00  216
 311   409    46   0.00  301
 312   409    46   0.00  245
 313   409    46   0.00  217
 314   409    46   0.00  215
 315   409    46   0.00  216
 316   409    46   0.00  216
 317   409    46   0.00  216
 318   409    46   0.00  216
 319   409    46   0.00  216
 320   409    46   0.00  216
 321   409    46   0.00  216
 322   409    46   0.00  216
 323   409    46   0.00  216
 324   409    46   0.00  216
 325   409    46   0.00  217
 326   409    46   0.00  216
 327   409    46   0.00  216
 328   409    46   0.00  216
 329   409    46   0.00  216
 330   409    46   0.00  216
 331   409    46   0.00  216
 332   409    46   0.00  216
 333   409    46   0.00  216
 334   409    46   0.00  216
 335   409    46   0.00  216
 336   409    46   0.00  216
 337   409    46   0.00  216
 338   409    46   0.00  216
 339   409    46   0.00  216
 340   409    46   0.00  216
 341   409    46   0.00  216
 342   409    46   0.00  216
 343   409    46   0.00  216
 344   409    46   0.00  216
 345   409    46   0.00  216
 346   409    46   0.00  216
 347   409    46   0.00  216
 348   409    46   0.00  216
 349   409    46   0.00  217
 350   401    50   0.04  216
 351   401    50   0.00  217
 352   401    50   0.00  216
 353   399    51   0.01  217
 354   399    51   0.00  216
 355   399    51   0.00  216
 356   399    51   0.00  216
 357   399    51   0.00  216
 358   399    51   0.00  216
 359   399    51   0.00  216
 360   399    51   0.00  216
 361   399    51   0.00  217
 362   399    51   0.00  217
 363   399    51   0.00  217
 364   399    51   0.00  217
 365   399    51   0.00  216
 366   399    51   0.00  217
 367   399    51   0.00  217
 368   399    51   0.00  216
 369   399    51   0.00  217
 370   399    51   0.00  216
 371   399    51   0.00  216
 372   399    51   0.00  216
 373   399    51   0.00  216
 374   399    51   0.00  216
 375   399    51   0.00  217
 376   399    51   0.00  216
 377   399    51   0.00  216
 378   399    51   0.00  216
 379   399    51   0.00  217
 380   399    51   0.00  216
 381   399    51   0.00  216
 382   399    51   0.00  216
 383   399    51   0.00  217
 384   399    51   0.00  216
 385   399    51   0.00  217
 386   399    51   0.00  217
 387   399    51   0.00  217
 388   399    51   0.00  217
 389   399    51   0.00  216
 390   399    51   0.00  215
 391   399    51   0.00  216
 392   399    51   0.00  215
 393   399    51   0.00  215
 394   399    51   0.00  215
 395   399    51   0.00  216
 396   399    51   0.00  216
 397   399    51   0.00  215
 398   399    51   0.00  214
 399   399    51   0.00  215
 400   399    51   0.00  215
 401   399    51   0.00  215
 402   399    51   0.00  215
 403   399    51   0.00  216
 404   399    51   0.00  216
 405   399    51   0.00  215
 406   399    51   0.00  215
 407   399    51   0.00  215
 408   399    51   0.00  216
 409   399    51   0.00  216
 410   399    51   0.00  236
 411   399    51   0.00  470
 412   399    51   0.00  487
 413   399    51   0.00  498
 414   399    51   0.00  484
 415   399    51   0.00  499
 416   399    51   0.00  515
 417   399    51   0.00  543
 418   399    51   0.00  501
 419   399    51   0.00  504
 420   399    51   0.00  491
 421   399    51   0.00  499
 422   399    51   0.00  491
 423   399    51   0.00  490
 424   399    51   0.00  503
 425   399    51   0.00  488
 426   399    51   0.00  501
 427   399    51   0.00  501
 428   399    51   0.00  484
 429   399    51   0.00  473
 430   399    51   0.00  489
 431   399    51   0.00  469
 432   399    51   0.00  497
 433   399    51   0.00  495
 434   399    51   0.00  510
 435   399    51   0.00  529
 436   399    51   0.00  493
 437   399    51   0.00  490
 438   399    51   0.00  492
 439   399    51   0.00  493
 440   399    51   0.00  481
