Niterations =  200, Nsteps =  250000, Nattemps =  10, Dchem = -650.0, Nkernals =  1000, Nverlet =   1

Step Nwats Nsalt AccProb Time (s)
   0   489     6   0.60 1023
   1   479    11   0.50 1041
   2   477    12   0.10 1049
   3   467    17   0.50 1054
   4   463    19   0.20 11887
   5   459    21   0.20 31715
   6   447    27   0.60 12920
   7   437    32   0.50 1069
   8   429    36   0.40 1087
   9   429    36   0.00 1064
  10   427    37   0.10 1082
  11   427    37   0.00 1081
  12   425    38   0.10 1074
  13   425    38   0.00 1078
  14   421    40   0.20 1067
  15   413    44   0.40 1075
  16   413    44   0.00 1088
  17   411    45   0.10 1080
  18   411    45   0.00 1087
  19   411    45   0.00 1080
  20   409    46   0.10 1071
  21   409    46   0.00 1112
  22   407    47   0.10 1112
  23   407    47   0.00 1090
  24   407    47   0.00 1099
  25   407    47   0.00 1090
  26   407    47   0.00 1095
  27   399    51   0.40 1103
  28   399    51   0.00 1089
  29   399    51   0.00 1099
  30   399    51   0.00 1098
  31   395    53   0.20 1097
  32   395    53   0.00 1096
  33   395    53   0.00 1101
  34   395    53   0.00 1081
  35   395    53   0.00 1155
  36   393    54   0.10 1084
  37   393    54   0.00 1087
  38   393    54   0.00 1100
  39   393    54   0.00 1085
  40   393    54   0.00 1141
  41   393    54   0.00 1103
  42   393    54   0.00 1091
  43   393    54   0.00 1103
  44   393    54   0.00 1101
  45   393    54   0.00 1093
  46   393    54   0.00 1101
  47   393    54   0.00 1101
  48   393    54   0.00 1091
  49   393    54   0.00 1101
  50   393    54   0.00 1101
  51   393    54   0.00 1094
  52   393    54   0.00 1102
  53   389    56   0.20 1103
  54   389    56   0.00 1094
  55   389    56   0.00 1102
  56   389    56   0.00 1101
  57   389    56   0.00 1092
  58   389    56   0.00 1102
  59   389    56   0.00 1103
  60   389    56   0.00 1096
  61   389    56   0.00 1102
  62   389    56   0.00 1101
  63   389    56   0.00 1095
  64   389    56   0.00 1101
  65   385    58   0.20 1103
  66   385    58   0.00 1095
  67   385    58   0.00 1106
  68   385    58   0.00 1104
  69   385    58   0.00 1100
  70   383    59   0.10 1106
  71   383    59   0.00 1108
  72   383    59   0.00 1103
  73   383    59   0.00 1101
  74   383    59   0.00 1107
  75   383    59   0.00 1107
  76   381    60   0.10 1098
  77   381    60   0.00 1107
  78   381    60   0.00 1108
  79   381    60   0.00 1097
  80   381    60   0.00 1108
  81   381    60   0.00 1108
  82   381    60   0.00 1098
  83   381    60   0.00 1104
  84   381    60   0.00 1112
  85   381    60   0.00 1104
  86   381    60   0.00 1101
  87   381    60   0.00 1103
  88   381    60   0.00 1087
  89   381    60   0.00 1097
  90   381    60   0.00 1082
  91   381    60   0.00 1094
  92   381    60   0.00 1105
  93   381    60   0.00 1096
  94   381    60   0.00 1098
  95   381    60   0.00 1095
  96   381    60   0.00 1085
  97   381    60   0.00 1120
  98   381    60   0.00 1126
  99   381    60   0.00 1100
 100   381    60   0.00 1102
