Niterations =  200, Nsteps =   25000, Nattemps = 100, Dchem = -650.0, Nkernals =  1000, Nverlet =   1

Step Nwats Nsalt AccProb Time (s)
   0   409    46   0.46 1482
   1   409    46   0.00 1727
   2   387    57   0.11 1751
   3   385    58   0.01 30688
   4   385    58   0.00 26109
   5   385    58   0.00 1733
   6   385    58   0.00 1680
   7   385    58   0.00 1720
   8   379    61   0.03 1708
   9   379    61   0.00 1684
  10   379    61   0.00 1655
  11   379    61   0.00 1628
  12   361    70   0.09 1687
  13   361    70   0.00 1668
  14   361    70   0.00 1776
  15   361    70   0.00 1737
  16   361    70   0.00 1740
  17   361    70   0.00 1718
  18   361    70   0.00 1730
  19   361    70   0.00 1706
  20   361    70   0.00 1738
  21   361    70   0.00 1718
  22   361    70   0.00 1781
  23   361    70   0.00 1754
  24   361    70   0.00 1835
  25   361    70   0.00 1683
  26   361    70   0.00 1668
  27   361    70   0.00 1627
  28   361    70   0.00 1644
  29   361    70   0.00 1627
  30   361    70   0.00 1638
  31   361    70   0.00 1627
  32   361    70   0.00 1643
  33   361    70   0.00 1625
  34   361    70   0.00 1640
  35   361    70   0.00 1627
  36   361    70   0.00 1642
  37   361    70   0.00 1628
  38   361    70   0.00 1643
  39   361    70   0.00 1624
  40   361    70   0.00 1641
  41   361    70   0.00 1623
  42   361    70   0.00 1642
  43   361    70   0.00 1625
  44   361    70   0.00 1644
  45   361    70   0.00 1629
  46   361    70   0.00 1644
  47   361    70   0.00 1633
  48   361    70   0.00 1643
  49   361    70   0.00 1635
  50   361    70   0.00 1639
  51   361    70   0.00 1641
  52   361    70   0.00 1634
  53   361    70   0.00 1644
  54   361    70   0.00 1642
  55   361    70   0.00 1668
  56   361    70   0.00 1710
  57   361    70   0.00 1717
  58   361    70   0.00 1774
  59   361    70   0.00 1671
  60   361    70   0.00 1676
  61   361    70   0.00 1713
  62   361    70   0.00 1694
  63   361    70   0.00 1645
  64   361    70   0.00 1741
  65   361    70   0.00 1723
